PID,EVENT NAME,SIZE,NUM,UTime,STime,NVCSW,NIVCSW,ENTER TIME, RETURN TIME, TOTAL TIME
718594, b'flushAppendOnlyFile', 0, 0, 0.00, 0.00, 0, 0, 1660282590.89, 1660282590.89, 0.01
718594, b'flushAppendOnlyFile', 0, 0, 0.00, 0.00, 0, 0, 1660282590.99, 1660282590.99, 0.01
718594, b'flushAppendOnlyFile', 0, 0, 0.00, 0.00, 0, 0, 1660282591.09, 1660282591.09, 0.01
718594, b'flushAppendOnlyFile', 0, 0, 0.00, 0.00, 0, 0, 1660282591.19, 1660282591.19, 0.01
718594, b'flushAppendOnlyFile', 0, 0, 0.00, 0.00, 0, 0, 1660282591.29, 1660282591.29, 0.02
718594, b'flushAppendOnlyFile', 0, 0, 0.00, 0.00, 0, 0, 1660282591.39, 1660282591.39, 0.01
718594, b'flushAppendOnlyFile', 0, 0, 0.00, 0.00, 0, 0, 1660282591.49, 1660282591.49, 0.01
718594, b'flushAppendOnlyFile', 0, 0, 0.00, 0.00, 0, 0, 1660282591.59, 1660282591.59, 0.01
718594, b'flushAppendOnlyFile', 0, 0, 0.00, 0.00, 0, 0, 1660282591.69, 1660282591.69, 0.01
718594, b'flushAppendOnlyFile', 0, 0, 0.00, 0.00, 0, 0, 1660282591.79, 1660282591.79, 0.01
718594, b'flushAppendOnlyFile', 0, 0, 0.00, 0.00, 0, 0, 1660282591.89, 1660282591.89, 0.01
718594, b'flushAppendOnlyFile', 0, 0, 0.00, 0.00, 0, 0, 1660282591.99, 1660282591.99, 0.01
718594, b'flushAppendOnlyFile', 0, 0, 0.00, 0.00, 0, 0, 1660282592.09, 1660282592.09, 0.01
718594, b'flushAppendOnlyFile', 0, 0, 0.00, 0.00, 0, 0, 1660282592.19, 1660282592.19, 0.01
718594, b'flushAppendOnlyFile', 0, 0, 0.00, 0.00, 2, 0, 1660282592.20, 1660282592.20, 3.22
718594, b'flushAppendOnlyFile', 0, 0, 0.00, 0.00, 0, 0, 1660282592.20, 1660282592.20, 0.01
718594, b'flushAppendOnlyFile', 0, 0, 0.00, 0.00, 0, 0, 1660282592.29, 1660282592.29, 0.01
718594, b'flushAppendOnlyFile', 0, 0, 0.00, 0.00, 0, 0, 1660282592.39, 1660282592.39, 0.01
718594, b'flushAppendOnlyFile', 0, 0, 0.00, 0.00, 0, 0, 1660282592.49, 1660282592.49, 0.01
718594, b'flushAppendOnlyFile', 0, 0, 0.00, 0.00, 0, 0, 1660282592.59, 1660282592.59, 0.02
718594, b'flushAppendOnlyFile', 0, 0, 0.00, 0.00, 0, 0, 1660282592.63, 1660282592.63, 0.01
718594, b'flushAppendOnlyFile', 0, 0, 0.00, 0.00, 0, 0, 1660282592.63, 1660282592.63, 0.01
718594, b'flushAppendOnlyFile', 0, 0, 0.00, 0.00, 0, 0, 1660282592.69, 1660282592.69, 0.01
718594, b'flushAppendOnlyFile', 0, 0, 0.00, 0.00, 0, 0, 1660282592.79, 1660282592.79, 0.01
718594, b'flushAppendOnlyFile', 0, 0, 0.00, 0.00, 0, 0, 1660282592.89, 1660282592.89, 0.01
718594, b'flushAppendOnlyFile', 0, 0, 0.00, 0.00, 0, 0, 1660282592.99, 1660282592.99, 0.01
718594, b'flushAppendOnlyFile', 0, 0, 0.00, 0.00, 0, 0, 1660282593.09, 1660282593.09, 0.01
718594, b'flushAppendOnlyFile', 0, 0, 0.00, 0.00, 0, 0, 1660282593.19, 1660282593.19, 0.01
718594, b'flushAppendOnlyFile', 0, 0, 0.00, 0.00, 0, 0, 1660282593.29, 1660282593.29, 0.01
718594, b'flushAppendOnlyFile', 0, 0, 0.00, 0.00, 0, 0, 1660282593.39, 1660282593.39, 0.01
718594, b'flushAppendOnlyFile', 0, 0, 0.00, 0.00, 0, 0, 1660282593.49, 1660282593.49, 0.01
718594, b'flushAppendOnlyFile', 0, 0, 0.00, 0.00, 0, 0, 1660282593.59, 1660282593.59, 0.01
718594, b'flushAppendOnlyFile', 0, 0, 0.00, 0.00, 0, 0, 1660282593.69, 1660282593.69, 0.01
718594, b'flushAppendOnlyFile', 0, 0, 0.00, 0.00, 0, 0, 1660282593.79, 1660282593.79, 0.01
718594, b'flushAppendOnlyFile', 0, 0, 0.00, 0.00, 0, 0, 1660282593.89, 1660282593.89, 0.01
718594, b'flushAppendOnlyFile', 0, 0, 0.00, 0.00, 0, 0, 1660282593.99, 1660282593.99, 0.01
718594, b'flushAppendOnlyFile', 0, 0, 0.00, 0.00, 0, 0, 1660282594.09, 1660282594.09, 0.01
718594, b'flushAppendOnlyFile', 0, 0, 0.00, 0.00, 0, 0, 1660282594.19, 1660282594.19, 0.01
718594, b'flushAppendOnlyFile', 0, 0, 0.00, 0.00, 0, 0, 1660282594.29, 1660282594.29, 0.01
718594, b'flushAppendOnlyFile', 0, 0, 0.00, 0.00, 0, 0, 1660282594.38, 1660282594.38, 0.01
718594, b'flushAppendOnlyFile', 0, 0, 0.00, 0.00, 0, 0, 1660282594.38, 1660282594.38, 0.01
718594, b'flushAppendOnlyFile', 0, 0, 0.00, 0.00, 0, 0, 1660282594.39, 1660282594.39, 0.01
718594, b'flushAppendOnlyFile', 0, 0, 0.00, 0.00, 0, 0, 1660282594.39, 1660282594.39, 0.01
718594, b'flushAppendOnlyFile', 0, 0, 0.00, 0.00, 0, 0, 1660282594.49, 1660282594.49, 0.01
718594, b'flushAppendOnlyFile', 0, 0, 0.00, 0.00, 0, 0, 1660282594.49, 1660282594.49, 0.01
718594, b'flushAppendOnlyFile', 0, 0, 0.00, 0.00, 0, 0, 1660282594.59, 1660282594.59, 0.02
718594, b'flushAppendOnlyFile', 0, 0, 0.00, 0.00, 0, 0, 1660282594.59, 1660282594.59, 0.01
718594, b'flushAppendOnlyFile', 0, 0, 0.00, 0.00, 0, 0, 1660282594.69, 1660282594.69, 0.01
718594, b'flushAppendOnlyFile', 0, 0, 0.00, 0.00, 0, 0, 1660282594.69, 1660282594.69, 0.01
718594, b'flushAppendOnlyFile', 0, 0, 0.00, 0.00, 0, 0, 1660282594.79, 1660282594.79, 0.01
718594, b'flushAppendOnlyFile', 0, 0, 0.00, 0.00, 0, 0, 1660282594.79, 1660282594.79, 0.01
718594, b'flushAppendOnlyFile', 0, 0, 0.00, 0.00, 0, 0, 1660282594.89, 1660282594.89, 0.01
718594, b'flushAppendOnlyFile', 0, 0, 0.00, 0.00, 0, 0, 1660282594.89, 1660282594.89, 0.01
718594, b'flushAppendOnlyFile', 0, 0, 0.00, 0.00, 0, 0, 1660282594.99, 1660282594.99, 0.01
718594, b'flushAppendOnlyFile', 0, 0, 0.00, 0.00, 0, 0, 1660282594.99, 1660282594.99, 0.01
718594, b'flushAppendOnlyFile', 0, 0, 0.00, 0.00, 0, 0, 1660282595.09, 1660282595.09, 0.02
718594, b'flushAppendOnlyFile', 0, 0, 0.00, 0.00, 0, 0, 1660282595.09, 1660282595.09, 0.01
718594, b'flushAppendOnlyFile', 0, 0, 0.00, 0.00, 0, 0, 1660282595.19, 1660282595.19, 0.02
718594, b'flushAppendOnlyFile', 0, 0, 0.00, 0.00, 0, 0, 1660282595.19, 1660282595.19, 0.01
718594, b'flushAppendOnlyFile', 0, 0, 0.00, 0.00, 0, 0, 1660282595.29, 1660282595.29, 0.01
718594, b'flushAppendOnlyFile', 0, 0, 0.00, 0.00, 0, 0, 1660282595.29, 1660282595.29, 0.01
718594, b'flushAppendOnlyFile', 0, 0, 0.00, 0.00, 0, 0, 1660282595.39, 1660282595.39, 0.01
718594, b'flushAppendOnlyFile', 0, 0, 0.00, 0.00, 0, 0, 1660282595.39, 1660282595.39, 0.01
718594, b'flushAppendOnlyFile', 0, 0, 0.00, 0.00, 0, 0, 1660282595.49, 1660282595.49, 0.02
718594, b'flushAppendOnlyFile', 0, 0, 0.00, 0.00, 0, 0, 1660282595.49, 1660282595.49, 0.01
718594, b'flushAppendOnlyFile', 0, 0, 0.00, 0.00, 0, 0, 1660282595.60, 1660282595.60, 0.01
718594, b'flushAppendOnlyFile', 0, 0, 0.00, 0.00, 0, 0, 1660282595.60, 1660282595.60, 0.01
718594, b'flushAppendOnlyFile', 0, 0, 0.00, 0.00, 0, 0, 1660282595.70, 1660282595.70, 0.01
718594, b'flushAppendOnlyFile', 0, 0, 0.00, 0.00, 0, 0, 1660282595.70, 1660282595.70, 0.01
718594, b'flushAppendOnlyFile', 0, 0, 0.00, 0.00, 0, 0, 1660282595.80, 1660282595.80, 0.02
718594, b'flushAppendOnlyFile', 0, 0, 0.00, 0.00, 0, 0, 1660282595.80, 1660282595.80, 0.01
718594, b'flushAppendOnlyFile', 0, 0, 0.00, 0.00, 0, 0, 1660282595.90, 1660282595.90, 0.01
718594, b'flushAppendOnlyFile', 0, 0, 0.00, 0.00, 0, 0, 1660282595.90, 1660282595.90, 0.01
718594, b'flushAppendOnlyFile', 0, 0, 0.00, 0.00, 0, 0, 1660282596.00, 1660282596.00, 0.01
718594, b'flushAppendOnlyFile', 0, 0, 0.00, 0.00, 0, 0, 1660282596.00, 1660282596.00, 0.01
718594, b'flushAppendOnlyFile', 0, 0, 0.00, 0.00, 3, 0, 1660282596.10, 1660282618.82, 22718.26
718594, b'flushAppendOnlyFile', 0, 0, 0.00, 0.00, 0, 0, 1660282618.82, 1660282618.82, 0.01
718594, b'flushAppendOnlyFile', 0, 0, 0.00, 0.00, 2, 0, 1660282618.82, 1660282618.83, 7.26
718594, b'flushAppendOnlyFile', 0, 0, 0.00, 0.00, 0, 0, 1660282618.83, 1660282618.83, 0.01
718594, b'flushAppendOnlyFile', 0, 0, 0.00, 0.00, 0, 0, 1660282618.92, 1660282618.92, 0.01
718594, b'flushAppendOnlyFile', 0, 0, 0.00, 0.00, 0, 0, 1660282619.02, 1660282619.02, 0.01
718594, b'flushAppendOnlyFile', 0, 0, 0.00, 0.00, 0, 0, 1660282619.12, 1660282619.12, 0.01
718594, b'flushAppendOnlyFile', 0, 0, 0.00, 0.00, 0, 0, 1660282619.22, 1660282619.22, 0.01
718594, b'flushAppendOnlyFile', 0, 0, 0.00, 0.00, 0, 0, 1660282619.32, 1660282619.32, 0.01
718594, b'flushAppendOnlyFile', 0, 0, 0.00, 0.00, 0, 0, 1660282619.42, 1660282619.42, 0.01
718594, b'flushAppendOnlyFile', 0, 0, 0.00, 0.00, 0, 0, 1660282619.52, 1660282619.52, 0.01
718594, b'flushAppendOnlyFile', 0, 0, 0.00, 0.00, 0, 0, 1660282619.62, 1660282619.62, 0.01
718594, b'flushAppendOnlyFile', 0, 0, 0.00, 0.00, 0, 0, 1660282619.72, 1660282619.72, 0.01
718594, b'flushAppendOnlyFile', 0, 0, 0.00, 0.00, 0, 0, 1660282619.82, 1660282619.82, 0.01
718594, b'flushAppendOnlyFile', 0, 0, 0.00, 0.00, 0, 0, 1660282619.92, 1660282619.92, 0.01
718594, b'flushAppendOnlyFile', 0, 0, 0.00, 0.00, 0, 0, 1660282620.02, 1660282620.02, 0.01
718594, b'flushAppendOnlyFile', 0, 0, 0.00, 0.00, 0, 0, 1660282620.12, 1660282620.12, 0.01
718594, b'flushAppendOnlyFile', 0, 0, 0.00, 0.00, 0, 0, 1660282620.22, 1660282620.22, 0.01
718594, b'flushAppendOnlyFile', 0, 0, 0.00, 0.00, 0, 0, 1660282620.32, 1660282620.32, 0.01
718594, b'flushAppendOnlyFile', 0, 0, 0.00, 0.00, 0, 0, 1660282620.42, 1660282620.42, 0.01
718594, b'flushAppendOnlyFile', 0, 0, 0.00, 0.00, 0, 0, 1660282620.52, 1660282620.52, 0.01
718594, b'flushAppendOnlyFile', 0, 0, 0.00, 0.00, 0, 0, 1660282620.62, 1660282620.62, 0.01
718594, b'flushAppendOnlyFile', 0, 0, 0.00, 0.00, 0, 0, 1660282620.72, 1660282620.72, 0.01
718594, b'flushAppendOnlyFile', 0, 0, 0.00, 0.00, 0, 0, 1660282620.82, 1660282620.82, 0.01
718594, b'flushAppendOnlyFile', 0, 0, 0.00, 0.00, 0, 0, 1660282620.92, 1660282620.92, 0.01
718594, b'flushAppendOnlyFile', 0, 0, 0.00, 0.00, 0, 0, 1660282621.03, 1660282621.03, 0.01
718594, b'flushAppendOnlyFile', 0, 0, 0.00, 0.00, 0, 0, 1660282621.13, 1660282621.13, 0.01
718594, b'flushAppendOnlyFile', 0, 0, 0.00, 0.00, 0, 0, 1660282621.23, 1660282621.23, 0.01
718594, b'flushAppendOnlyFile', 0, 0, 0.00, 0.00, 0, 0, 1660282621.33, 1660282621.33, 0.01
718594, b'flushAppendOnlyFile', 0, 0, 4.00, 0.00, 0, 0, 1660282621.43, 1660282621.43, 0.02
718594, b'flushAppendOnlyFile', 0, 0, 0.00, 0.00, 0, 0, 1660282621.53, 1660282621.53, 0.01
718594, b'flushAppendOnlyFile', 0, 0, 0.00, 0.00, 0, 0, 1660282621.63, 1660282621.63, 0.01
718594, b'flushAppendOnlyFile', 0, 0, 0.00, 0.00, 0, 0, 1660282621.73, 1660282621.73, 0.01
718594, b'flushAppendOnlyFile', 0, 0, 0.00, 0.00, 0, 0, 1660282621.83, 1660282621.83, 0.01
718594, b'flushAppendOnlyFile', 0, 0, 0.00, 0.00, 0, 0, 1660282621.93, 1660282621.93, 0.01
718594, b'flushAppendOnlyFile', 0, 0, 0.00, 0.00, 0, 0, 1660282622.03, 1660282622.03, 0.01
718594, b'flushAppendOnlyFile', 0, 0, 0.00, 0.00, 0, 0, 1660282622.13, 1660282622.13, 0.01
718594, b'flushAppendOnlyFile', 0, 0, 0.00, 0.00, 0, 0, 1660282622.22, 1660282622.22, 0.01
718594, b'flushAppendOnlyFile', 0, 0, 0.00, 0.00, 0, 0, 1660282622.32, 1660282622.32, 0.01
718594, b'flushAppendOnlyFile', 0, 0, 0.00, 0.00, 0, 0, 1660282622.42, 1660282622.42, 0.01
718594, b'flushAppendOnlyFile', 0, 0, 0.00, 0.00, 0, 0, 1660282622.52, 1660282622.52, 0.01
718594, b'flushAppendOnlyFile', 0, 0, 0.00, 0.00, 0, 0, 1660282622.62, 1660282622.62, 0.01
718594, b'flushAppendOnlyFile', 0, 0, 0.00, 0.00, 0, 0, 1660282622.68, 1660282622.68, 0.01
718594, b'flushAppendOnlyFile', 0, 0, 0.00, 0.00, 0, 0, 1660282622.68, 1660282622.68, 0.01
718594, b'flushAppendOnlyFile', 0, 0, 0.00, 0.00, 0, 0, 1660282622.72, 1660282622.72, 0.01
718594, b'flushAppendOnlyFile', 0, 0, 0.00, 0.00, 0, 0, 1660282622.82, 1660282622.82, 0.01
718594, b'flushAppendOnlyFile', 0, 0, 0.00, 0.00, 0, 0, 1660282622.92, 1660282622.92, 0.01
718594, b'flushAppendOnlyFile', 0, 0, 0.00, 0.00, 0, 0, 1660282623.02, 1660282623.02, 0.01
718594, b'flushAppendOnlyFile', 0, 0, 0.00, 0.00, 0, 0, 1660282623.12, 1660282623.12, 0.01
718594, b'flushAppendOnlyFile', 0, 0, 0.00, 0.00, 0, 0, 1660282623.23, 1660282623.23, 0.01
718594, b'flushAppendOnlyFile', 0, 0, 0.00, 0.00, 0, 0, 1660282623.33, 1660282623.33, 0.01
718594, b'flushAppendOnlyFile', 0, 0, 0.00, 0.00, 0, 0, 1660282623.42, 1660282623.42, 0.01
718594, b'flushAppendOnlyFile', 0, 0, 0.00, 0.00, 0, 0, 1660282623.52, 1660282623.52, 0.01
718594, b'flushAppendOnlyFile', 0, 0, 0.00, 0.00, 0, 0, 1660282623.62, 1660282623.62, 0.01
718594, b'flushAppendOnlyFile', 0, 0, 0.00, 0.00, 0, 0, 1660282623.72, 1660282623.72, 0.01
718594, b'flushAppendOnlyFile', 0, 0, 0.00, 0.00, 0, 0, 1660282623.82, 1660282623.82, 0.01
718594, b'flushAppendOnlyFile', 0, 0, 0.00, 0.00, 0, 0, 1660282623.92, 1660282623.92, 0.01
718594, b'flushAppendOnlyFile', 0, 0, 0.00, 0.00, 0, 0, 1660282624.02, 1660282624.02, 0.01
718594, b'flushAppendOnlyFile', 0, 0, 0.00, 0.00, 0, 0, 1660282624.12, 1660282624.12, 0.01
718594, b'flushAppendOnlyFile', 0, 0, 0.00, 0.00, 0, 0, 1660282624.22, 1660282624.22, 0.01
718594, b'flushAppendOnlyFile', 0, 0, 0.00, 0.00, 0, 0, 1660282624.32, 1660282624.32, 0.01
718594, b'flushAppendOnlyFile', 0, 0, 0.00, 0.00, 0, 0, 1660282624.42, 1660282624.42, 0.01
718594, b'flushAppendOnlyFile', 0, 0, 0.00, 0.00, 0, 0, 1660282624.52, 1660282624.52, 0.01
718594, b'flushAppendOnlyFile', 0, 0, 0.00, 0.00, 0, 0, 1660282624.63, 1660282624.63, 0.01
718594, b'flushAppendOnlyFile', 0, 0, 0.00, 0.00, 0, 0, 1660282624.73, 1660282624.73, 0.01
718594, b'flushAppendOnlyFile', 0, 0, 0.00, 0.00, 0, 0, 1660282624.83, 1660282624.83, 0.01
718594, b'flushAppendOnlyFile', 0, 0, 0.00, 0.00, 0, 0, 1660282624.93, 1660282624.93, 0.01
718594, b'flushAppendOnlyFile', 0, 0, 0.00, 0.00, 0, 0, 1660282625.03, 1660282625.03, 0.01
718594, b'flushAppendOnlyFile', 0, 0, 0.00, 0.00, 0, 0, 1660282625.03, 1660282625.03, 0.01
718594, b'flushAppendOnlyFile', 0, 0, 0.00, 0.00, 0, 0, 1660282625.13, 1660282625.13, 0.01
718594, b'flushAppendOnlyFile', 0, 0, 0.00, 0.00, 0, 0, 1660282625.23, 1660282625.23, 0.01
718594, b'flushAppendOnlyFile', 0, 0, 0.00, 0.00, 0, 0, 1660282625.33, 1660282625.33, 0.01
718594, b'flushAppendOnlyFile', 0, 0, 0.00, 0.00, 0, 0, 1660282625.43, 1660282625.43, 0.01
718594, b'flushAppendOnlyFile', 0, 0, 0.00, 0.00, 0, 0, 1660282625.53, 1660282625.53, 0.01
718594, b'flushAppendOnlyFile', 0, 0, 0.00, 0.00, 0, 0, 1660282625.63, 1660282625.63, 0.01
718594, b'flushAppendOnlyFile', 0, 0, 0.00, 0.00, 0, 0, 1660282625.73, 1660282625.73, 0.01
718594, b'flushAppendOnlyFile', 0, 0, 0.00, 0.00, 0, 0, 1660282625.83, 1660282625.83, 0.01
718594, b'flushAppendOnlyFile', 0, 0, 0.00, 0.00, 0, 0, 1660282625.93, 1660282625.93, 0.01
718594, b'flushAppendOnlyFile', 0, 0, 0.00, 0.00, 0, 0, 1660282626.03, 1660282626.03, 0.01
718594, b'flushAppendOnlyFile', 0, 0, 0.00, 0.00, 0, 0, 1660282626.13, 1660282626.13, 0.01
718594, b'flushAppendOnlyFile', 0, 0, 0.00, 0.00, 0, 0, 1660282626.23, 1660282626.23, 0.01
718594, b'flushAppendOnlyFile', 0, 0, 0.00, 0.00, 0, 0, 1660282626.33, 1660282626.33, 0.01
718594, b'flushAppendOnlyFile', 0, 0, 0.00, 0.00, 0, 0, 1660282626.43, 1660282626.43, 0.01
718594, b'flushAppendOnlyFile', 0, 0, 0.00, 0.00, 0, 0, 1660282626.53, 1660282626.53, 0.01
718594, b'flushAppendOnlyFile', 0, 0, 0.00, 0.00, 0, 0, 1660282626.63, 1660282626.63, 0.01
718594, b'flushAppendOnlyFile', 0, 0, 0.00, 0.00, 0, 0, 1660282626.73, 1660282626.73, 0.01
718594, b'flushAppendOnlyFile', 0, 0, 0.00, 0.00, 0, 0, 1660282626.83, 1660282626.83, 0.01
718594, b'flushAppendOnlyFile', 0, 0, 0.00, 0.00, 0, 0, 1660282626.93, 1660282626.93, 0.01
718594, b'flushAppendOnlyFile', 0, 0, 0.00, 0.00, 0, 0, 1660282627.03, 1660282627.03, 0.01
718594, b'flushAppendOnlyFile', 0, 0, 0.00, 0.00, 0, 0, 1660282627.13, 1660282627.13, 0.01
718594, b'flushAppendOnlyFile', 0, 0, 0.00, 0.00, 0, 0, 1660282627.23, 1660282627.23, 0.01
718594, b'flushAppendOnlyFile', 0, 0, 0.00, 0.00, 0, 0, 1660282627.33, 1660282627.33, 0.01
718594, b'flushAppendOnlyFile', 0, 0, 0.00, 0.00, 0, 0, 1660282627.43, 1660282627.43, 0.01
718594, b'flushAppendOnlyFile', 0, 0, 0.00, 0.00, 0, 0, 1660282627.53, 1660282627.53, 0.01
718594, b'flushAppendOnlyFile', 0, 0, 0.00, 0.00, 0, 0, 1660282627.63, 1660282627.63, 0.01
718594, b'flushAppendOnlyFile', 0, 0, 0.00, 0.00, 0, 0, 1660282627.73, 1660282627.73, 0.01
718594, b'flushAppendOnlyFile', 0, 0, 0.00, 0.00, 0, 0, 1660282627.83, 1660282627.83, 0.01
718594, b'flushAppendOnlyFile', 0, 0, 0.00, 0.00, 0, 0, 1660282627.93, 1660282627.93, 0.01
718594, b'flushAppendOnlyFile', 0, 0, 0.00, 0.00, 0, 0, 1660282628.03, 1660282628.03, 0.01
718594, b'flushAppendOnlyFile', 0, 0, 0.00, 0.00, 0, 0, 1660282628.13, 1660282628.13, 0.01
